135
627.765 362.351
673.128 367.47
687.216 269.289
656 545
706.621 341.234
740 364
627 543
701.445 367.513
685.243 303.322
776 267
760.906 258.656
687.779 611.212
695.601 417.383
660.966 341.94
712.663 386.405
854 586
662 400
938.594 573.815
716.536 268.005
830.962 595.037
733.659 268.374
663.64 613.259
837.666 578.512
967.364 578.927
747.401 258.635
922.397 556.431
706.596 254.626
903.409 563.146
832 564
1004.07 587.293
655.186 584.597
814.795 345.551
737.577 574.561
784.622 582.583
703.268 681.295
689.336 395.188
608.113 538.361
576.479 542.09
952.551 593.938
923.829 587.028
707.947 579.606
847.863 567.621
982.575 587.811
730.365 607.51
748 553
826.847 662.314
891.382 544.707
678.256 335.282
780.54 676.243
671.769 351.512
758.182 617.276
798.638 569.646
635.123 564.046
890 668
676.293 253.67
764.781 600.845
854.269 659.281
854.851 539.747
761 570
656.122 652.511
957.882 564.867
729.781 682.618
603.747 476.408
701.267 609.411
680.215 545.504
680.38 663.133
1056 638
642.028 486.325
1089.5 637.742
729 543
668.203 671.422
797 541
541.905 535.955
686.429 559.437
673 691
911.861 650.781
1031 646
966.267 340.266
701.287 706.98
1125.97 620.795
796.056 524.325
714 325
1034.25 407.573
929.957 642.877
598.601 490.275
668.134 485.944
648.644 673.298
756.263 679.151
729 703
991.149 633.577
711.387 553.186
585.471 478.899
1148.47 632.779
647 328
807.901 696.555
769.929 548.276
843 673
944.142 647.248
867.477 671.826
832 549
1195.87 582.403
1011.44 356.233
962.807 658.651
907.985 681.359
713 481
805.206 662.762
872 542
893.495 684.756
780 696
648.702 690.53
977.994 642.754
755 699
701.509 563.434
1016.78 654.236
628.289 479.779
1027.88 488.709
582.549 503.466
1060.08 548.602
724.9 584.654
722 340
1104 632
657.604 629.627
917.898 336.439
997.08 670.281
1071 634
1017 640
734.948 482.52
729.66 404.346
811 552
762.242 473.751
685.798 469.834
826 689
865.13 604.562
563.676 484.445
695 353
