134
775 206
719.298 298.932
683.992 327.032
1023.68 604.6
713 327
848 207
746.731 388.918
868 210
746.205 216.264
987 595
768 323
740.628 256.911
971 575
711 366
811.492 327.606
1034.1 617.76
730.484 329.19
1009.17 619.994
775.726 352.731
789 294
762.134 218.114
692.769 528.085
801.639 201.016
819.363 216.751
633.696 527.246
803 216
889.562 217.903
989 577
744.919 362.95
833 206
1014.67 589.34
860.067 597.527
623.033 569.707
646.241 601.225
598.008 599.883
689.664 570.336
1046 609
984.896 620.055
959.588 561.733
705 522
731.15 310.831
683.734 601.504
573.237 614.9
820.695 602.101
729.493 599.555
763.081 569.65
1042 590
838.425 576.37
763.685 533.236
865.822 524.085
595.408 675.268
677.905 536.748
942.047 577.966
855.965 571.332
766.532 597.283
762.936 341.529
951 602
785.531 586.424
741.351 292.84
848.735 607.365
702.535 292.011
840.007 531.823
729.92 569.168
700.462 479.527
691.497 547.169
646.457 692.076
628.703 601.254
922.119 546.475
659.924 449.05
971 597
631.864 447.195
937.992 552.256
874.392 575.712
667.236 468.506
1256.14 690.362
610.551 464.114
1209.83 688.683
803.859 546.064
573.923 664.918
629.318 545.517
528.319 564.276
713.419 692.278
661 521
556.57 642.098
758.597 467.055
1065.41 616.674
882 551
703.837 617.403
790.184 361.235
689.153 467.67
802 702
679.867 691.481
729.541 700.28
904.707 686.788
578.2 694.302
589.94 533.006
814.418 685.67
613.771 549.636
559.196 508.415
730.695 447.683
1178.43 390.379
623.085 698.705
622 477
1174.11 501.154
1188.97 710.337
728.485 543.795
614 450
642.284 472.751
561.761 701.146
1191.71 580.743
669.821 318.719
879.179 676.809
706.171 462.426
838 702
859.304 543.684
1003.89 688.135
811.908 570.895
778.869 684.248
594.216 520.379
824.294 458.723
1134.07 697.758
754.169 693.399
719.178 717.575
688 358
871.956 702.592
738 682
1169.37 701.841
1147.46 687.152
1029.77 688.767
672.089 343.273
740 463
673.315 257.929
1098.88 704.298
824.828 261.716
