117
675.989 459.613
805.567 647.236
832.65 628.204
648.199 400.468
689.18 297.567
683.207 399.724
923.053 623.264
670 294
651.7 666.828
602 591
654.908 342.411
606.422 412.941
728.841 407.289
909 603
640.859 381.568
968.086 640.594
688.621 380.5
643.786 589.864
815 633
886.377 600.802
646.7 429.217
830.102 648.722
697.602 661.514
695.112 427.778
774.176 303.684
724.953 672.708
952.48 644.676
732.354 304.723
735.138 623.838
759.192 634.542
701.409 291.287
719.675 304.72
809.667 614.318
656.016 305.93
853.537 713.545
622.182 636.851
663 374
905.552 639.265
945.397 614.918
670.382 437.041
935.401 647.009
759 296
899 618
666.876 661.956
1047 694
655.837 416.675
711.043 625.658
734.361 653.185
688.177 602.315
678.942 631.73
776.609 620.066
1080 689
872 601
606.52 614.419
726 601
626.385 667.334
990.934 638.933
660.088 609.227
1202.99 633.61
550.892 590.45
1028.02 448.04
682.22 417.484
617.146 686.474
613.476 711.129
1124.34 674.605
708 591
582.96 586.43
632 444
698 364
815 595
777.852 587.833
879.891 703.917
840.656 587.016
1062 689
856.706 590.789
896.586 708.25
1146.7 678.329
629 367
910.079 706.287
556.43 551.589
749.967 597.343
782.378 570.409
1056 600
924.22 609.187
1016.94 696.831
936 704
1099 686
977.822 696.025
620.142 532.552
569.483 717.318
646.648 530.707
803.306 384.801
793 600
560.606 524.847
515.491 583.675
668.039 521.634
539 527
579.373 520.723
967.959 624.941
828.082 559.377
975 711
708 441
647.4 575.306
745.618 517.399
960.891 699.331
607.117 660.297
691.475 529.044
995.488 710.636
809.196 718.414
649 449
1034.16 405.906
607.356 634.728
803.742 504.715
602 689
1022 590
684 580
570.117 547.629
