111
661 179
593 253
619.825 341.544
645.383 163.695
668 254
693.199 282.36
760.06 176.042
562 280
710 179
747.373 168.501
723.236 179.618
644 290
345.035 533.868
676.507 485.916
779.626 170.305
693.751 163.325
413.36 505.543
475.799 473.082
612.316 324.983
686.742 179.844
315 553
763.72 547.108
587 323
586 552
656 314
604.601 292.812
752.723 529.921
451.653 525.043
472.954 600.614
611.48 524.314
629.287 213.435
378.288 525.693
621.027 536.25
668.485 637.761
623.677 254.053
579 631
544.931 471.371
405.595 522.425
572.572 535.844
633.108 624.012
593.319 280.675
536.667 523.453
741.551 545.635
722.034 564.029
757.416 499.382
419.053 528.39
642 268
736.784 620.225
613 267
790.837 559.652
567.405 614.046
430.449 609.41
497.738 607.767
602 535
527.965 623.088
717.843 630.459
509.031 502.209
548 533
757.369 293.733
444 612
742.612 514.676
321.049 598.337
366.309 609.667
603.669 484.607
608.268 618.524
524 477
680.005 162.289
492.36 470.662
714.303 550.824
479.301 520.292
445 453
771.181 522.818
545 628
665 625
699 632
568.856 316.229
662 339
652 523
477.928 421.726
758.284 405.789
767 640
946.74 673.453
619 282
945.758 656.982
452.969 542.624
360.533 596.165
429.155 634.271
460.403 615.015
739.547 640.186
451 487
855.191 648.399
792.182 651.151
498.589 641.207
885.604 663.633
492.619 503.751
693.205 542.506
491.098 533.363
507.363 398.381
562.647 467.152
759 345
650 625
587.711 355.606
927.388 650.142
963.012 551.607
624 312
511.97 621.843
597.071 608.304
359.487 625.896
468 539
753 563
604.277 656.308
