150
656.549 322.487
657.783 238.849
708 148
659 261
619 259
738.247 272.829
764.956 142.188
833.542 146.322
736.223 149.46
755.267 510.655
716 235
685.408 197.426
307.097 504.368
720 158
743.025 387.204
686.739 269.938
516.039 447.376
462.687 499.388
711.272 530.718
814 157
691.901 249.968
664.211 298.987
671.189 552.6
669 536
782 157
645.514 288.444
400.084 484.19
434.811 490.913
707.931 550.731
521.431 526.586
691 293
474 457
729.216 522.427
740.343 330.023
740.509 473.491
743.697 442.914
796 148
635.992 549.894
699.794 467.501
529.173 508.888
697 518
697 308
679.26 524.722
737.549 314.201
343 490
578 448
658.517 276.213
749 155
377.778 482.935
760.902 272.384
535 443
452 590
509.354 504.076
499 602
544.034 598.327
420.619 480.903
463.199 577.16
491.373 474.395
493 454
646.577 486.725
446 468
488.254 583.181
405 575
438.41 570.393
746 497
551.441 509.127
652 397
559 603
677.352 232.192
556 458
628 614
599.744 406.127
558.985 372.756
572 514
630 305
1074.63 475.745
676.331 511.441
884.565 562.251
581.138 488.667
599.913 611.58
704.531 643.271
646 533
540.547 382.693
310 548
608.694 391.97
559 483
1043.02 496.757
726.431 645.799
650.272 457.147
752.476 654.352
965.221 465.786
475.391 595.705
425.417 603.796
506.186 579.603
531.37 585.363
1032 306
727 506
327.697 537.724
336 555
506 425
630.103 385.722
616.064 627.475
585.988 388.514
355.384 558.116
573.377 618.545
293.811 515.737
1000.67 271.183
673 491
690 485
328.377 490.347
778.478 675.153
441.167 602.719
711 511
569.844 642.917
532.351 633.076
610.379 654.213
400 591
519.326 479.837
848.635 402.518
536 460
629.373 472.599
731.503 489.539
676.818 644.52
826 665
376.689 563.365
703.389 397.576
628.488 659.334
962.727 401.903
659 656
594.588 437.375
347 581
644.688 657.728
608 468
518.828 394.826
618.66 501.52
292.694 550.182
653 222
626.442 458.934
966.745 338.762
401.914 450.586
631 491
524.533 372.87
541 485
328.314 591.096
707.683 484.652
848.351 678.486
981 409
725.448 466.65
756.695 524.276
790.382 327.492
